Circle with X inside:
reference: 64x64
M 19.85228,12.08996 L 12.093,19.849201 24.242323,31.997846 12.094,44.145998 19.852051,51.904958 32.001186,39.756277 44.150543,51.904958 51.909,44.145994 39.760246,31.997501 51.909,19.849201 44.15049,12.08996 32.001431,24.238849 z M 32,0 C 49.671021,0 64,14.329407 64,31.998501 64,49.677606 49.671021,63.997003 32,63.997003 14.328003,63.997003 0,49.677606 0,31.998501 0,14.329407 14.328003,0 32,0 z



Google Star Outline
reference: 24x24
M 12,15.39 8.24,17.66 9.23,13.38 5.91,10.5 10.29,10.13 12,6.09 13.71,10.13 18.09,10.5 14.77,13.38 15.76,17.66 M 22,9.24 14.81,8.63 12,2 9.19,8.63 2,9.24 7.45,13.97 5.82,21 12,17.27 18.18,21 16.54,13.97 22,9.24 Z


Google Star
reference: 24x24
M 12,17.27 18.18,21 16.54,13.97 22,9.24 14.81,8.62 12,2 9.19,8.62 2,9.24 7.45,13.97 5.82,21 12,17.27 Z








